      0/49     4.61G      2.94      2.41         0      5.35        23       480     0.333     0.704     0.544     0.452       2.4      1.05         0
      1/49     4.61G      2.37      1.79         0      4.16        37       480     0.438     0.691     0.584     0.536      2.24     0.928         0
      2/49     4.61G      2.28      1.63         0       3.9        47       544     0.457     0.696     0.602     0.552      2.18     0.878         0
      3/49     4.62G      2.22      1.57         0      3.79        29       576     0.507     0.674     0.608     0.579      2.15     0.854         0
      4/49     4.62G      2.18      1.55         0      3.73        20       416     0.457     0.694     0.617     0.551      2.14      0.94         0
      5/49     4.62G      2.15      1.55         0       3.7        20       352     0.489     0.692     0.615     0.573       2.1      0.87         0
      6/49     4.62G      2.14      1.52         0      3.66        27       416     0.462     0.697     0.601     0.556      2.11     0.865         0
      7/49     4.62G      2.12      1.53         0      3.65        51       640     0.495     0.687     0.617     0.575      2.09     0.878         0
      8/49     4.62G      2.11      1.55         0      3.66        42       352     0.429     0.707     0.613     0.534      2.12     0.933         0
      9/49     4.62G      2.11      1.54         0      3.65        22       544     0.506     0.685     0.619     0.582      2.09     0.872         0
     10/49     4.62G       2.1       1.5         0       3.6        32       512     0.502     0.682     0.616     0.578      2.08     0.867         0
     11/49     4.62G      2.09      1.56         0      3.65        41       448      0.47     0.703     0.623     0.563      2.07     0.896         0
     12/49     4.62G      2.08      1.54         0      3.62        36       544     0.493      0.69     0.623     0.575      2.08     0.893         0
     13/49     4.62G      2.08      1.53         0      3.62        34       352     0.446     0.711     0.616     0.548      2.06     0.904         0
     14/49     4.62G      2.07      1.53         0       3.6        28       384     0.464     0.705     0.621      0.56      2.06     0.896         0
     15/49     4.62G      2.07      1.53         0      3.59        23       640     0.492     0.699     0.621     0.577      2.04     0.868         0
     16/49     4.83G      2.06      1.52         0      3.59        28       544     0.461       0.7     0.615     0.556      2.06     0.882         0
     17/49     4.83G      2.05      1.49         0      3.55        24       512     0.498     0.686     0.617     0.577      2.06     0.873         0
     18/49     4.83G      2.05      1.51         0      3.57        39       512     0.431     0.716     0.615     0.538      2.06     0.903         0
     19/49     4.83G      2.05      1.54         0      3.58        38       384      0.46     0.707     0.622     0.557      2.05     0.892         0
     20/49     4.83G      2.04      1.52         0      3.56        24       416     0.421     0.721     0.622     0.531      2.05     0.958         0
     21/49     4.83G      2.03      1.53         0      3.56        18       320     0.422     0.723     0.624     0.533      2.05     0.935         0
     22/49     4.83G      2.02      1.51         0      3.53        31       352     0.486     0.703     0.634     0.575      2.04     0.897         0
     23/49     4.83G      2.02      1.52         0      3.54        30       480     0.461     0.713     0.629      0.56      2.03      0.89         0
     24/49     4.83G      2.02      1.52         0      3.54        38       352     0.452     0.708     0.623     0.552      2.05     0.934         0
     25/49     4.83G      2.01      1.53         0      3.55        31       320     0.471     0.707     0.629     0.565      2.02       0.9         0
     26/49     4.83G         2       1.5         0       3.5        34       512     0.486     0.704     0.624     0.575      2.01     0.867         0
     27/49     4.83G      1.99      1.51         0       3.5        40       352     0.497     0.708     0.634     0.584         2     0.863         0
     28/49     4.83G      1.98      1.48         0      3.46        29       608     0.491      0.71     0.634      0.58      1.99     0.876         0
     29/49     4.83G      1.98      1.48         0      3.46        27       416     0.448     0.725     0.635     0.554      1.98      0.89         0
     30/49     4.83G      1.96      1.47         0      3.43        53       352      0.46     0.723     0.632     0.563      1.99     0.891         0
     31/49     4.83G      1.96      1.48         0      3.44        46       608     0.507     0.713     0.644     0.592      1.97     0.858         0
     32/49     4.83G      1.94      1.47         0      3.41        24       544     0.481     0.724     0.638     0.578      1.95     0.854         0
     33/49     4.83G      1.94      1.43         0      3.37        43       320      0.45      0.73     0.638     0.557      1.96     0.913         0
     34/49     4.83G      1.93      1.45         0      3.38        30       320     0.453     0.732     0.639      0.56      1.96     0.885         0
     35/49     4.83G      1.92      1.46         0      3.38        46       608     0.511     0.718     0.646     0.597      1.93      0.84         0
     36/49     4.83G      1.92      1.45         0      3.37        26       352     0.427     0.743     0.644     0.543      1.95     0.925         0
     37/49     4.83G      1.91      1.47         0      3.38        18       480     0.473     0.734     0.654     0.575      1.93     0.871         0
     38/49     4.83G       1.9      1.45         0      3.35        35       352     0.423      0.74     0.639     0.538      1.95     0.973         0
     39/49     4.83G       1.9      1.45         0      3.35        46       480     0.469     0.735     0.649     0.573      1.92     0.875         0
     40/49     4.83G      1.88      1.44         0      3.32        26       480     0.515     0.722     0.659     0.601      1.91     0.849         0
     41/49     4.83G      1.87      1.43         0       3.3        49       544     0.516     0.727     0.659     0.604       1.9     0.831         0
     42/49     4.83G      1.87      1.43         0       3.3        33       640     0.504     0.732     0.652     0.597       1.9     0.832         0
     43/49     4.83G      1.87      1.44         0      3.31        33       608     0.488     0.737     0.658     0.588       1.9     0.864         0
     44/49     4.83G      1.86      1.44         0       3.3        40       384     0.471     0.743     0.657     0.577       1.9     0.874         0
     45/49     4.83G      1.85       1.4         0      3.25        32       320     0.421      0.75     0.646     0.539      1.91         1         0
     46/49     4.83G      1.85      1.41         0      3.26        20       384     0.506     0.736     0.665     0.599      1.89     0.846         0
     47/49     4.83G      1.84      1.41         0      3.25        29       512     0.532     0.732     0.666     0.616      1.87      0.82         0
     48/49     4.83G      1.84       1.4         0      3.23        26       352     0.473     0.747     0.657     0.579      1.88      0.86         0
     49/49     4.83G      1.84      1.38         0      3.22        32       512     0.517     0.737     0.669     0.607      1.87     0.832         0
