      0/49     4.61G      2.94      2.42         0      5.35        23       480      0.34     0.709     0.547     0.459      2.34      1.05         0
      1/49     4.62G      2.36      1.79         0      4.16        37       480     0.433      0.69     0.581     0.532      2.28      0.93         0
      2/49     4.62G      2.28      1.64         0      3.92        47       544     0.478      0.67     0.589     0.558       2.2     0.879         0
      3/49     4.62G      2.27      1.61         0      3.88        29       576     0.488     0.643     0.573     0.555      2.22     0.888         0
      4/49     4.62G       2.3      1.64         0      3.94        20       416     0.464     0.635     0.555     0.536      2.34     0.943         0
      5/49     4.62G      2.34       1.7         0      4.04        20       352     0.475     0.587     0.518     0.525      2.33     0.934         0
      6/49     4.62G      2.36      1.69         0      4.06        27       416     0.486     0.574     0.507     0.526      2.35     0.948         0
      7/49     4.62G      2.36      1.72         0      4.08        51       640     0.416      0.62     0.523     0.498      2.38      1.06         0
      8/49     4.62G      2.35      1.74         0      4.09        42       352     0.481     0.504     0.459     0.493      2.45     0.987         0
      9/49     4.62G      2.34      1.74         0      4.07        22       544     0.469     0.592     0.523     0.523      2.35      0.96         0
     10/49     4.62G      2.32      1.68         0      4.01        32       512     0.415     0.612     0.519     0.494      2.33     0.968         0
     11/49     4.62G      2.31      1.74         0      4.05        41       448     0.422       0.6     0.507     0.496      2.31      0.96         0
     12/49     4.62G       2.3      1.71         0      4.01        36       544      0.55     0.548     0.516     0.549      2.32     0.971         0
     13/49     4.62G      2.29      1.71         0      4.01        34       352     0.441     0.591     0.508     0.505      2.36     0.989         0
     14/49     4.62G      2.28       1.7         0      3.98        28       384     0.404     0.596     0.505     0.482      2.27     0.948         0
     15/49     4.62G      2.27       1.7         0      3.97        23       640     0.544     0.535     0.514      0.54       2.3     0.945         0
     16/49     4.83G      2.27      1.69         0      3.96        28       544     0.457     0.605     0.526      0.52      2.27     0.969         0
     17/49     4.83G      2.26      1.66         0      3.91        24       512     0.411     0.638     0.537       0.5      2.26     0.999         0
     18/49     4.83G      2.26      1.68         0      3.93        39       512     0.469     0.596      0.52     0.525      2.29     0.954         0
     19/49     4.83G      2.25       1.7         0      3.95        38       384     0.422     0.621     0.525     0.502      2.28     0.974         0
     20/49     4.83G      2.24      1.68         0      3.92        24       416     0.375     0.649     0.517     0.475      2.27      1.06         0
     21/49     4.83G      2.23      1.69         0      3.92        18       320      0.36     0.655     0.538     0.465      2.29      1.04         0
     22/49     4.83G      2.22      1.67         0      3.89        31       352      0.39     0.645     0.539     0.486      2.27      1.05         0
     23/49     4.83G      2.22      1.68         0       3.9        30       480     0.478     0.595     0.515      0.53      2.31     0.966         0
     24/49     4.83G      2.22      1.68         0       3.9        38       352     0.466     0.615     0.548      0.53      2.27      1.01         0
     25/49     4.83G      2.21       1.7         0      3.91        31       320     0.452     0.635     0.548     0.528      2.25     0.973         0
     26/49     4.83G       2.2      1.66         0      3.86        34       512     0.478     0.623     0.553     0.541      2.23     0.952         0
     27/49     4.83G      2.19      1.67         0      3.86        40       352     0.501     0.623     0.567     0.555       2.2     0.935         0
     28/49     4.83G      2.18      1.64         0      3.82        29       608     0.491     0.552     0.507      0.52      2.33     0.971         0
     29/49     4.83G      2.18      1.64         0      3.82        27       416     0.462     0.636      0.56     0.535      2.19     0.944         0
     30/49     4.83G      2.16      1.63         0      3.79        53       352     0.445     0.664     0.574     0.533      2.17     0.975         0
     31/49     4.83G      2.16      1.64         0      3.79        46       608     0.486     0.601     0.541     0.537      2.19     0.911         0
     32/49     4.83G      2.15      1.63         0      3.77        24       544     0.425     0.675     0.574     0.521      2.14     0.959         0
     33/49     4.83G      2.13      1.59         0      3.72        43       320     0.417     0.674     0.572     0.515      2.17         1         0
     34/49     4.83G      2.13      1.61         0      3.75        30       320     0.416     0.673     0.573     0.514       2.2      1.02         0
     35/49     4.83G      2.12      1.61         0      3.74        46       608     0.474     0.641     0.562     0.545      2.13     0.911         0
     36/49     4.83G      2.12      1.61         0      3.73        26       352     0.411     0.677      0.57     0.512      2.15     0.984         0
     37/49     4.83G      2.11      1.63         0      3.74        18       480     0.477     0.661     0.583     0.554      2.12     0.929         0
     38/49     4.83G       2.1      1.62         0      3.72        35       352     0.463     0.644     0.568     0.539      2.18     0.929         0
     39/49     4.83G       2.1      1.61         0      3.71        46       480      0.46     0.672     0.578     0.546      2.12     0.931         0
     40/49     4.83G      2.08       1.6         0      3.69        26       480     0.487     0.658     0.581     0.559       2.1     0.926         0
     41/49     4.83G      2.08      1.59         0      3.66        49       544     0.485     0.659      0.59     0.559       2.1     0.922         0
     42/49     4.83G      2.07      1.59         0      3.66        33       640     0.473     0.665     0.582     0.552       2.1     0.906         0
     43/49     4.83G      2.07      1.61         0      3.68        33       608     0.451     0.685     0.595     0.544      2.08     0.921         0
     44/49     4.83G      2.06       1.6         0      3.66        40       384     0.454     0.689     0.598     0.547      2.07     0.926         0
     45/49     4.83G      2.05      1.56         0      3.61        32       320     0.444     0.682     0.591     0.538       2.1     0.926         0
     46/49     4.83G      2.05      1.58         0      3.62        20       384     0.459     0.692     0.603     0.552      2.06     0.913         0
     47/49     4.83G      2.04      1.57         0      3.61        29       512     0.521     0.664       0.6     0.584      2.06     0.894         0
     48/49     4.83G      2.03      1.56         0       3.6        26       352     0.436     0.697     0.595     0.536      2.05      0.93         0
     49/49     4.83G      2.04      1.54         0      3.58        32       512     0.506     0.679     0.609      0.58      2.04     0.902         0
